0,635,1560,671,1236
1064,0,3288,378,716
1462,3584,0,1135,1951
984,199,1290,0,729
1169,719,1730,693,0
end
0,837,1656,689,1012
780,0,3561,263,702
1529,3383,0,1086,1794
830,493,1032,0,513
1217,634,1800,733,0
end
0,762,1694,910,1237
784,0,3320,473,782
1495,3582,0,1337,1749
755,496,1094,0,544
1234,771,1833,539,0
end
0,753,1477,790,1226
784,0,3418,248,759
1605,3426,0,1302,1742
896,561,1136,0,726
1111,835,1666,645,0
end
0,685,1506,683,931
783,0,3572,290,923
1596,3425,0,963,1686
674,401,1157,0,621
979,824,1785,757,0
end
